uid
12314730
12314731
12314732
12314733
12314734
12314735
12314736
12314737
12314738
12314739
12314740
12314741
12314742
12314743
12314744
12314745
12314746
12314747
12314748
12314749
12314750
12314751
12314752
12314753
12314754
12314755
12314756
12314757
12314758
12314759
12314760
12314761
12314762
12314763
12314764
12314765
12314766
12314767
12314768
12314769
12314770
12314771
12314772
12314773
12314774
12314775
12314776
12314777
12314778
12314779
12314780
12314781
12314782
12314783
12314784
12314785
12314786
12314787
12314788
12314789
12314790
12314791
12314792
12314793
12314794
12314795
12314796
12314797
12314798
12314799
12314800
12314801
12314802
12314803
12314804
12314805
12314806
12314807
12314808
12314809
12314810
12314811
12314812
12314813
12314814
12314815
12314816
12314817
12314818
12314819
12314820
12314821
12314822
12314823
12314824
12314825
12314826
12314827
12314828
12314829
12314830
12314831
12314832
12314833
12314834
12314835
12314836
12314837
12314838
12314839
12314840
12314841
12314842
12314843
12314844
12314845
12314846
12314847
12314848
12314849
12314850
12314851
12314852
12314853
12314854
12314855
12314856
12314857
12314858
12314859
12314860
12314861
12314862
12314863
12314864
12314865
12314866
12314867
12314868
12314869
12314870
12314871
12314872
12314873
12314874
12314875
12314876
12314877
12314878
12314879
12314880
12314881
12314882
12314883
12314884
12314885
12314886
12314887
12314889
12314890
12314891
12314892
12314893
12314894
12314895
12314896
12314897
12314898
12314899
12314900
12314901
12314902
12314903
12314904
12314905
12314906
12314907
12314908
12314909
12314910
12314911
12314912
12314913
12314914
12314915
12314916
12314917
12314918
12314919
12314922
12314923
12314924
12314925
12314926
12314927
12314928
12314929
12314930
12314931
12314932
12314933
12314934
12314935
12314936
12314937
12314938
12314939
12314940
12314941
12314942
12314943
12314944
12314945
12314946
12314947
12314948
12314949
12314950
12314951
12314952
12314953
12314954
12314955
12314956
12314957
12314958
12314959
12314960
12314961
12314962
12314963
12314964
12314965
12314966
12314967
12314968
12314969
12314970
12314971
12314972
12314973
12314974
12314975
12314976
12314977
12314978
12314979
12314980
12314981
12314982
12314983
12314984
12314985
12314986
12314987
12314988
12314989
12314990
12314991
12314992
12314993
12314994
12314995
12314996
12314997
12314998
12315000
12315001
12315002
12315003
12315004
12315005
12315006
12315007
12315008
12315009
12315010
12315011
12315012
12315013
12315014
12315015
12315016
12315017
12315018
12315019
12315020
12315021
12315022
12315023
12315024
12315025
12315026
12315027
12315028
12315029
12315030
12315031
12315032
12315033
12315034
12315035
12315036
12315037
12315038
12315039
12315040
12315041
12315042
12315043
12315044
12315045
12315046
12315047
12315048
12315049
12315050
12315051
12315052
12315053
12315054
12315055
12315056
12315057
12315058
12315059
12315060
12315061
12315062
12315063
12315064
12315065
12315066
12315067
12315068
12315069
12315070
12315071
12315072
12315073
12315074
12315075
12315076
12315077
12315078
12315079
12315080
12315081
12315082
12315083
12315084
12315085
12315086
12315087
12315088
12315089
12315090
12315091
12315092
12315093
12315094
12315095
12315096
12315097
12315098
12315099
12315100
12315101
12315102
12315103
12315104
12315105
12315106
12315107
12315108
12315109
12315110
12315112
12315113
12315114
12315115
12315116
12315117
12315118
12315119
12315120
12315121
12315122
12315124
12315125
12315126
12315127
12315128
12315129
12315130
12315131
12315132
12315133
12315134
12315135
12315136
12315137
12315138
12315139
12315140
12315141
12315142
12315143
12315144
12315145
12315146
12315147
12315148
12315149
12315150
12315151
12315152
12315153
12315154
12315155
12315156
12315157
12315158
12315159
12315160
12315161
12315162
12315163
12315164
12315165
12315166
12315167
12315168
12315169
12315170
12315171
12315172
12315173
12315174
12315175
12315176
12315177
12315178
12315179
12315180
12315181
12315182
12315183
12315184
12315185
12315186
12315187
12315188
12315189
12315190
12315191
12315192
12315193
12315194
12315195
12315196
12315197
12315198
12315199
12315200
12315201
12315202
12315203
12315204
12315205
12315206
12315207
12315208
12315209
12315210
12315211
12315212
12315213
12315214
12315215
12315216
12315217
12315218
12315219
12315222
12315224
12315225
12315226
12315227
12315228
12315229
12315232
12315233
12315234
12315235
12315236
12315237
12315238
12315239
12315240
12315241
12315242
12315243
12315244
12315245
12315246
12315247
12315248
12315249
12315250
12315251
12315252
12315253
12315254
12315255
12315256
12315257
12315258
12315259
12315260
12315261
12315262
12315263
12315264
12315265
12315266
12315267
12315268
12315269
12315270
12315271
12315272
12315273
12315274
12315275
12315276
12315277
12315278
12315279
12315280
12315281
12315282
12315283
12315284
12315285
12315286
12315287
12315288
12315289
12315290
12315291
12315292
12315293
12315294
12315295
12315296
12315297
12315298
12315299
12315300
12315301
12315302
12315303
12315304
12315305
12315306
12315307
12315308
12315309
12315310
12315311
12315312
12315313
12315314
12315316
12315317
12315318
12315319
12315320
12315321
12315322
12315323
12315324
12315325
12315326
12315327
12315328
12315329
12315330
12315331
12315332
12315333
12315334
12315335
12315336
12315337
12315338
12315339
12315340
12315341
12315342
12315343
12315344
12315345
12315346
12315347
12315348
12315349
12315350
12315351
12315352
12315353
12315354
12315355
12315356
12315357
12315358
12315359
12315360
12315361
12315362
12315363
12315364
12315365
12315366
12315367
12315368
12315369
12315370
12315371
12315372
12315373
12315374
12315375
12315376
12315377
12315378
12315379
12315380
12315381
12315382
12315383
12315384
12315385
12315386
12315387
12315388
12315389
12315390
12315391
12315392
12315393
12315394
12315395
12315396
12315397
12315398
12315399
12315400
12315401
12315402
12315403
12315404
12315405
12315406
12315407
12315408
12315409
12315410
12315411
12315412
12315413
12315414
12315415
12315416
12315417
12315418
12315419
12315420
12315421
12315422
12315423
12315424
12315425
12315426
12315427
12315428
12315429
12315430
12315431
12315433
12315434
12315435
12315436
12315437
12315438
12315439
12315440
12315441
12315442
12315443
12315444
12315445
12315446
12315447
12315448
12315449
12315450
12315451
12315452
12315453
12315454
12315455
12315456
12315457
12315458
12315459
12315460
12315461
12315462
12315463
12315464
12315465
12315466
12315467
12315468
12315469
12315470
12315471
12315472
12315473
12315474
12315475
12315476
12315477
12315478
12315479
12315480
12315481
12315482
12315483
12315484
12315485
12315486
12315487
12315488
12315489
12315490
12315491
12315492
12315493
12315494
12315495
12315496
12315497
12315498
12315499
12315500
12315501
12315502
12315503
12315504
12315505
12315506
12315507
12315508
12315509
12315510
12315511
12315512
12315514
12315515
12315516
12315517
12315518
12315519
12315522
12315523
12315524
12315525
12315526
12315527
12315528
12315529
12315530
12315531
12315532
12315533
12315534
12315535
12315536
12315537
12315538
12315539
12315540
12315541
12315542
12315543
12315544
12315545
12315546
12315547
12315548
12315549
12315550
12315551
12315552
12315553
12315554
12315555
12315556
12315557
12315558
12315559
12315560
12315561
12315562
12315563
12315564
12315565
12315566
12315567
12315568
12315569
12315570
12315571
12315572
12315573
12315574
12315575
12315576
12315577
12315578
12315579
12315580
12315581
12315582
12315583
12315584
12315585
12315586
12315587
12315588
12315589
12315590
12315591
12315592
12315593
12315594
12315595
12315596
12315597
12315598
12315599
12315600
12315601
12315602
12315603
12315604
12315605
12315606
12315607
12315608
12315609
12315610
12315611
12315612
12315613
12315614
12315615
12315616
12315617
12315618
12315619
12315620
12315621
12315622
12315623
12315624
12315625
12315626
12315627
12315628
12315629
12315630
12315631
12315632
12315633
12315634
12315635
12315636
12315637
12315638
12315639
12315640
12315641
12315642
12315643
12315644
12315645
12315646
12315647
12315648
12315649
12315650
12315651
12315652
12315653
12315654
12315655
12315656
12315657
12315658
12315659
12315660
12315661
12315662
12315663
12315664
12315665
12315667
12315668
12315669
12315670
12315671
12315672
12315673
12315674
12315675
12315676
12315677
12315679
12315680
12315681
12315682
12315683
12315684
12315685
12315686
12315687
12315688
12315689
12315690
12315691
12315692
12315693
12315694
12315695
12315696
12315697
12315698
12315699
12315700
12315701
12315702
12315703
12315704
12315705
12315706
12315707
12315708
12315709
12315710
12315711
12315712
12315713
12315714
12315715
12315716
12315717
12315718
12315719
12315720
12315721
12315722
12315723
12315724
12315725
12315726
12315727
12315728
12315729
12315730
12315731
12315732
12315733
12315734
12315735
12315736
12315737
12315738
12315739
12315740
12315741
12315742
12315743
12315744
12315745
12315746
12315747
12315748
12315749
12315750
12315751
12315752
12315753
12315754
12315755
12315756
12315757
12315758
12315759
12315760
12315761
12315762
12315763
12315764
12315765
12315766
12315767
12315768
12315769
12315770
12315771
12315772
12315773
12315774
12315775
12315776
12315777
12315778
12315779
12315780
12315781
12315782
12315783
12315784
12315785
12315786
12315787
12315788
12315789
12315790
12315791
12315792
12315793
12315794
12315795
12315796
12315797
12315798
12315799
12315800
12315801
12315802
12315803
12315804
12315805
12315806
12315807
12315808
12315809
12315810
12315811
12315812
12315813
12315814
12315815
12315816
12315817
12315818
12315819
12315820
12315821
12315822
12315823
12315824
12315825
12315826
12315827
12315828
12315829
12315830
12315831
12315832
12315833
12315834
12315835
12315836
12315837
12315838
12315839
12315840
12315841
12315842
12315843
12315844
12315845
12315846
12315847
12315848
12315849
12315850
12315851
12315852
12315853
12315854
12315855
12315856
12315857
12315858
12315859
12315860
12315861
12315862
12315863
12315864
12315865
12315866
12315867
12315868
12315869
12315870
12315871
12315872
12315873
12315874
12315875
12315876
12315877
12315878
12315879
12315880
12315881
12315882
12315883
12315884
12315885
12315886
12315887
12315889
12315890
12315891
12315892
12315893
12315894
12315895
12315896
12315897
12315898
12315899
12315900
12315901
12315902
12315903
12315904
12315905
12315906
12315907
12315908
12315909
12315910
12315911
12315912
12315913
12315914
12315915
12315916
12315917
12315918
12315919
12315922
12315923
12315924
12315925
12315926
12315927
12315928
12315929
12315930
12315931
12315932
12315933
12315934
12315935
12315936
12315937
12315938
12315939
12315940
12315941
12315942
12315943
12315944
12315945
12315946
12315947
12315948
12315949
12315950
12315951
12315952
12315953
12315954
12315955
12315956
12315957
12315958
12315959
12315960
12315961
12315962
12315963
12315964
12315965
12315966
12315967
12315968
12315969
12315970
12315971
12315972
12315973
12315974
12315975
12315976
12315977
12315978
12315979
12315980
12315981
12315982
12315983
12315984
12315985
12315986
12315987
12315988
12315989
12315990
12315991
12315992
12315993
12315994
12315995
12315996
12315997
12315998
12316000
12316001
12316002
12316003
12316004
12316005
12316006
12316007
12316008
12316009
12316010
12316011
12316012
12316013
12316014
12316015
12316016
12316017
12316018
12316019
12316020
12316021
12316022
12316023
12316024
12316025
12316026
12316027
12316028
12316029
12316030
12316031
12316032
12316033
12316034
12316035
12316036
12316037
12316038
12316039
12316040
12316041
12316042
12316043
12316044
12316045
12316046
12316047
12316048
12316049
12316050
12316051
12316052
12316053
12316054
12316055
12316056
12316057
12316058
12316059
12316060
12316061
12316062
12316063
12316064
12316065
12316066
12316067
12316068
12316069
12316070
12316071
12316072
12316073
12316074
12316075
12316076
12316077
12316078
12316079
12316080
12316081
12316082
12316083
12316084
12316085
12316086
12316087
12316088
12316089
12316090
12316091
12316092
12316093
12316094
12316095
12316096
12316097
12316098
12316099
12316100
12316101
12316102
12316103
12316104
12316105
12316106
12316107
12316108
12316109
12316110
12316112
12316113
12316114
12316115
12316116
12316117
12316118
12316119
12316120
12316121
12316122
12316124
12316125
12316126
12316127
12316128
12316129
12316130
12316131
12316132
12316133
12316134
12316135
12316136
12316137
12316138
12316139
12316140
12316141
12316142
12316143
12316144
12316145
12316146
12316147
12316148
12316149
12316150
12316151
12316152
12316153
12316154
12316155
12316156
12316157
12316158
12316159
12316160
12316161
12316162
12316163
12316164
12316165
12316166
12316167
12316168
12316169
12316170
12316171
12316172
12316173
12316174
12316175
12316176
12316177
12316178
12316179
12316180
12316181
12316182
12316183
12316184
12316185
12316186
12316187
12316188
12316189
12316190
12316191
12316192
12316193
12316194
12316195
12316196
12316197
12316198
12316199
12316200
12316201
12316202
12316203
12316204
12316205
12316206
12316207
12316208
12316209
12316210
12316211
12316212
12316213
12316214
12316215
12316216
12316217
12316218
12316219
12316220
12316221
12316222
12316223
12316224
12316225
12316226
12316227
12316228
12316229
12316230
12316232
12316233
12316234
12316235
12316236
12316237
12316238
12316239
12316240
12316241
12316242
12316243
12316244
12316245
12316246
12316247
12316248
12316249
12316250
12316251
12316252
12316253
12316254
12316255
12316256
12316257
12316258
12316259
12316260
12316261
12316262
12316263
12316264
12316265
12316266
12316267
12316268
12316269
12316270
12316271
12316272
12316273
12316274
12316275
12316276
12316277
12316278
12316279
12316280
12316281
12316282
12316283
12316284
12316285
12316286
12316287
12316288
12316289
12316290
12316291
12316292
12316293
12316294
12316295
12316296
12316297
12316298
12316299
12316300
12316301
12316302
12316303
12316304
12316305
12316306
12316307
12316308
12316309
12316310
12316311
12316312
12316313
12316314
12316315
12316317
12316318
12316319
12316320
12316321
12316322
12316323
12316324
12316325
12316326
12316327
12316328
12316329
12316330
12316331
12316332
12316333
12316334
12316335
12316336
12316337
12316338
12316339
12316340
12316341
12316342
12316343
12316344
12316345
12316346
12316347
12316348
12316349
12316350
12316351
12316352
12316353
12316354
12316355
12316356
12316357
12316358
12316359
12316360
12316361
12316362
12316363
12316364
12316365
12316366
12316367
12316368
12316369
12316370
12316371
12316372
12316373
12316374
12316375
12316376
12316377
12316378
12316379
12316380
12316381
12316382
12316383
12316384
12316385
12316386
12316387
12316388
12316389
12316390
12316391
12316392
12316393
12316394
12316395
12316396
12316397
12316398
12316399
12316400
12316401
12316402
12316403
12316404
12316405
12316406
12316407
12316408
12316409
12316410
12316411
12316412
12316413
12316414
12316415
12316416
12316417
12316418
12316419
12316420
12316421
12316422
12316423
12316424
12316425
12316426
12316427
12316428
12316429
12316430
12316431
12316432
12316433
12316434
12316435
12316436
12316437
12316438
12316439
12316440
12316441
12316442
12316443
12316444
12316445
12316446
12316447
12316448
12316449
12316450
12316451
12316452
12316453
12316454
12316455
12316456
12316457
12316458
12316459
12316460
12316461
12316462
12316463
12316464
12316465
12316466
12316467
12316468
12316469
12316470
12316471
12316472
12316473
12316474
12316475
12316476
12316477
12316478
12316479
12316480
12316481
12316482
12316483
12316484
12316485
12316486
12316487
12316488
12316489
12316490
12316491
12316492
12316493
12316494
12316495
12316496
12316497
12316498
12316499
12316500
12316501
12316502
12316503
12316504
12316505
12316506
12316507
12316508
12316509
12316510
12316511
12316512
12316513
12316514
12316515
12316516
12316517
12316518
12316519
12316522
12316523
12316524
12316525
12316526
12316527
12316528
12316529
12316530
12316531
12316532
12316533
12316534
12316535
12316536
12316537
12316538
12316539
12316540
12316541
12316542
12316544
12316545
12316546
12316547
12316548
12316549
12316550
12316551
12316552
12316553
12316554
12316555
12316556
12316557
12316558
12316559
12316560
12316561
12316562
12316563
12316564
12316565
12316566
12316567
12316568
12316569
12316570
12316571
12316572
12316573
12316574
12316575
12316576
12316577
12316578
12316579
12316580
12316581
12316582
12316583
12316584
12316585
12316586
12316587
12316588
12316589
12316590
12316591
12316592
12316593
12316594
12316595
12316596
12316597
12316598
12316599
12316600
12316601
12316602
12316603
12316604
12316605
12316606
12316607
12316608
12316609
12316610
12316611
12316612
12316614
12316615
12316616
12316617
12316618
12316619
12316620
12316621
12316622
12316623
12316624
12316625
12316626
12316627
12316628
12316629
12316630
12316631
12316632
12316633
12316634
12316635
12316636
12316637
12316638
12316639
12316640
12316641
12316642
12316643
12316644
12316645
12316646
12316647
12316648
12316649
12316650
12316651
12316652
12316653
12316654
12316655
12316656
12316657
12316658
12316659
12316660
12316661
12316662
12316663
12316664
12316665
12316667
12316668
12316669
12316670
12316671
12316672
12316673
12316674
12316675
12316676
12316677
12316678
12316679
12316680
12316681
12316682
12316683
12316684
12316685
12316686
12316687
12316688
12316689
12316690
12316691
12316692
12316693
12316694
12316695
12316696
12316697
12316698
12316699
12316700
12316701
12316702
12316703
12316704
12316705
12316706
12316707
12316708
12316709
12316710
12316711
12316712
12316713
12316714
12316715
12316716
12316717
12316718
12316719
12316720
12316721
12316722
12316723
12316724
12316725
12316726
12316727
12316728
12316729
12316730
12316731
12316732
12316733
12316734
12316735
12316736
12316737
12316738
12316739
12316740
12316741
12316742
12316743
12316744
12316745
12316746
12316747
12316748
12316749
12316750
12316751
12316752
12316753
12316754
12316755
12316756
12316757
12316758
12316759
12316760
12316761
12316762
12316763
12316764
12316765
12316766
12316767
12316768
12316769
12316770
12316771
12316772
12316773
12316774
12316775
12316776
