uid
12044447
12045281
12045515
12047713
12048587
12051361
12054022
12057559
12059654
12060164
12064806
12073131
12079491
12079838
12080051
12082462
12083909
12090919
12092846
12093143
12094424
12095709
12097849
12099542
12101156
12101271
12102138
12104790
12106539
12106968
12107393
12107801
12109187
12111305
12112508
12112975
12113048
12113714
12115012
12115447
12117599
12117956
12118433
12118582
12118653
12119321
12120052
12120245
12120615
12122076
12122404
12122436
12122439
12122536
12123803
12124881
12126055
12126484
12126735
12128068
12129342
12129671
12130117
12130572
12130837
12131249
12134445
12134756
12134773
12135248
12136051
12136465
12137392
12139224
12139522
12140482
12141296
12141638
12142173
12143303
12143328
12143684
12143704
12143887
12143951
12144142
12144226
12145203
12145557
12146499
12146544
12147181
12147306
12147389
12147730
12148452
12148689
12148700
12149044
12149198
12149345
12149716
12149787
12149821
12149848
12149915
12150331
12151329
12151682
12152207
12152288
12152851
12153523
12154256
12155577
12155882
12157015
12157101
12157203
12157781
12157940
12158014
12158137
12159611
12159667
12159850
12203207
12203372
12203431
12204936
12205135
12205572
12205808
12206191
12206232
12206760
12206958
12207012
12207563
12207604
12207696
12207705
12207815
12208147
12208258
12209276
12209408
12209638
12209833
12210062
12210486
12210636
12210650
12211157
12211242
12211682
12211781
12212386
12212442
12212532
12212745
12213060
12213646
12213727
12214104
12214404
12214504
12214616
12214690
12215055
12215361
12215402
12215770
12215817
12215841
12215868
12215915
12216146
12216329
12216389
12216890
12217020
12217089
12217118
12217410
12218577
12219021
12219247
12219641
12219652
12219734
12219764
12219935
12220314
12220741
12220960
12221837
12221841
12221972
12222078
12222453
12222576
12222581
12222804
12223259
12223440
12223750
12223792
12224200
12224524
12224826
12225040
12225133
12225156
12225244
12225491
12225672
12225702
12225812
12226214
12226288
12226297
12226867
12226877
12227300
12227372
12227548
12227896
12228113
12228319
12228332
12228439
12228741
12229163
12229258
12229328
12229480
12229587
12229711
12229961
12230004
12230330
12230352
12230609
12230967
12231110
12231176
12231216
12231369
12231373
12231412
12231473
12231524
12231559
12231606
12232133
12232319
12232387
12232611
12232653
12233283
12233350
12233401
12233661
12234075
12234618
12235271
12235413
12235479
12235515
12235544
12235624
12235808
12235886
12236329
12236381
12236434
12236697
12236822
12236858
12236996
12237087
12237683
12237719
12237728
12237980
12237985
12238036
12238385
12238626
12238716
12238717
12238840
12238870
12238985
12238995
12239029
12239482
12239524
12239530
12239898
12240080
12240162
12240352
12240669
12240694
12240825
12240881
12240895
12240941
12241135
12241184
12241418
12241556
12241627
12241634
12241669
12241689
12241835
12241865
12241958
12242161
12242320
12242344
12242947
12243595
12243727
12243752
12243900
12243916
12243997
12244132
12244384
12244439
12244511
12244670
12244754
12244826
12244972
12245070
12245190
12245340
12245582
12245587
12245731
12245863
12245897
12246354
12246425
12246715
12246733
12246775
12246928
12247117
12247411
12247499
12247680
12247800
12247985
12248299
12248388
12248474
12248785
12248812
12248893
12249518
12249621
12249721
12249904
12249905
12250046
12250110
12250154
12250167
12250235
12250468
12250712
12250780
12251018
12251114
12251355
12251401
12251775
12251851
12251853
12251861
12251880
12251905
12251945
12252109
12252155
12252186
12252326
12252387
12252390
12252736
12252982
12253064
12253234
12253504
12253719
12253742
12253786
12254137
12254182
12254366
12254933
12255011
12255174
12255267
12255301
12255379
12255413
12255457
12255595
12255691
12255720
12255730
12255743
12256002
12256229
12256356
12256370
12256394
12256711
12256715
12256879
12256919
12257022
12257029
12257060
12257396
12257492
12257559
12257811
12258044
12258380
12258412
12258911
12258995
12259145
12259228
12259288
12259340
12259439
12259501
12260199
12260220
12260646
12260979
12261127
12261266
12261319
12261454
12261630
12261654
12261682
12261936
12261994
12262031
12262036
12262062
12262502
12262536
12262572
12262750
12262751
12262768
12262929
12263031
12263058
12263308
12263926
12263992
12264249
12264483
12264523
12264588
12264598
12264647
12264673
12264719
12264731
12264813
12264913
12264986
12265121
12265141
12265150
12265400
12265561
12265681
12265821
12265902
12266018
12266037
12266416
12266746
12266897
12267139
12267335
12267477
12267741
12267917
12268135
12268814
12268844
12269129
12269251
12269314
12269348
12269554
12269709
12269741
12269901
12270110
12270183
12270255
12270288
12270355
12270372
12270380
12270632
12271007
12271075
12271210
12271779
12271833
12272046
12272115
12272266
12272363
12272463
12272593
12272607
12272635
12272813
12273049
12273390
12273472
12273553
12273562
12273592
12273673
12273884
12274067
12274083
12274256
12274306
12274401
12274608
12274645
12274671
12274703
12274761
12274867
12274891
12274912
12274923
12274972
12274994
12275172
12275261
12275439
12275457
12275930
12276166
12276328
12276405
12276500
12277060
12277293
12277369
12277388
12277466
12277707
12278092
12278357
12278443
12278526
12278625
12278626
12278642
12278674
12278780
12278805
12278874
12278990
12279180
12279332
12279335
12279396
12279487
12279524
12279593
12279609
12279692
12279699
12279808
12279951
12280383
12280399
12280500
12280552
12280659
12280662
12280761
12280853
12280932
12280957
12281048
12281257
12281360
12281463
12281751
12281752
12281893
12281909
12281963
12282185
12282249
12282341
12282344
12282469
12282621
12282667
12282736
12282740
12282817
12282866
12282941
12282954
12283179
12283226
12283235
12283306
12283399
12283417
12283690
12283716
12283745
12283747
12283823
12283840
12283901
12284036
12284083
12284297
12284320
12284467
12284501
12284646
12284667
12284806
12284823
12284842
12284852
12284918
12285022
12285039
12285240
12285338
12285404
12285420
12285492
12285598
12285862
12285901
12285939
12286058
12286093
12286213
12286263
12286301
12286312
12286348
12286349
12286380
12286434
12286525
12286647
12286694
12286729
12286791
12286852
12286984
12287103
12287165
12287167
12287203
12287247
12287331
12287364
12287477
12287749
12287879
12287922
12288057
12288101
12288127
12288161
12288165
12288529
12288608
12288769
12288770
12288916
12289000
12289039
12289056
12289179
12289192
12289227
12289241
12289350
12289366
12289416
12289417
12289444
12289566
12289587
12289608
12289617
12289657
12289673
12289747
12289860
12290022
12290145
12290172
12290179
12290210
12290245
12290280
12290368
12290405
12290452
12290459
12290526
12290547
12290582
12290585
12290617
12290649
12290674
12290686
12290876
12290966
12291029
12291062
12291093
12291173
12291179
12291242
12291310
12291311
12291347
12291356
12291421
12291477
12291507
12291510
12291568
12291613
12291614
12291654
12291673
12291721
12291805
12291823
12291856
12291894
12292056
12292065
12292316
12292334
12292377
12292416
12292430
12292434
12292546
12292570
12292632
12292643
12292659
12292660
12292706
12292820
12292835
12292898
12292959
12292968
12292984
12293007
12293071
12293140
12293141
12293146
12293226
12293354
12293431
12293493
12293495
12293512
12293552
12293566
12293572
12293574
12293637
12293669
12293690
12293713
12293775
12293777
12293905
12293909
12293991
12294134
12294299
12294304
12294342
12294366
12294378
12294413
12294465
12294477
12294538
12294552
12294587
12294617
12294730
12294733
12294985
12295022
12295036
12295042
12295067
12295072
12295117
12295144
12295284
12295287
12295374
12295403
12295420
12295449
12295474
12295502
12295640
12295652
12295685
12295769
12295801
12295820
12295857
12295969
12296208
12296209
12296221
12296327
12296404
12296463
12296477
12296499
12296508
12296527
12296561
12296626
12296630
12296793
12296954
12297039
12297123
12297131
12297137
12297178
12297231
12297272
12297284
12297371
12297439
12297504
12297546
12297556
12297593
12297620
12297637
12297642
12297644
12297721
12297738
12297742
12297764
12297866
12297879
12297880
12297900
12297928
12297994
12298027
12298096
12298142
12298191
12298283
12298287
12298342
12298347
12298352
12298383
12298394
12298403
12298417
12298456
12298465
12298479
12298492
12298553
12298623
12298732
12298748
12298781
12298842
12298856
12298941
12299043
12299057
12299059
12299069
12299109
12299113
12299207
12299234
12299258
12299294
12299408
12299453
12299465
12299486
12299505
12299527
12299528
12299549
12299566
12299571
12299656
12299693
12299759
12299763
12299820
12299858
12299943
12299984
12300020
12300035
12300081
12300124
12300162
12300170
12300246
12300339
12300376
12300459
12300488
12300532
12300743
12300751
12300797
12300865
12300975
12301033
12301049
12301251
12301271
12301278
12301293
12301300
12301304
12301307
12301311
12301324
12301330
12301425
12301488
12301489
12301505
12301514
12301527
12301530
12301547
12301555
12301614
12301626
12301646
12301652
12301653
12301655
12301678
12301696
12301706
12301709
12301713
12301727
12301741
12301757
12301774
12301788
12301791
12301797
12301802
12301822
12301839
12301865
12301869
12301878
12301884
12301916
12301931
12301938
12301944
12301975
12302021
12302030
12302035
12302038
12302041
12302074
12302109
12302145
12302149
12302158
12302174
12302175
12302183
12302207
12302261
12302284
12302295
12302331
12302335
12302336
12302346
12302409
12302417
12302472
12302490
12302523
12302537
12302546
12302550
12302566
12302580
12302600
12302601
12302605
12302606
12302636
12302647
12302661
12302672
12302730
12302838
12302845
12302868
12302873
12302913
12302934
12302943
12302947
12302964
12302995
12303024
12303056
12303063
12303093
12303140
12303152
12303159
12303247
12303259
12303265
12303279
12303280
12303302
12303308
12303315
12303330
12303436
12303449
12303462
12303464
12303507
12303511
12303512
12303531
12303534
12303571
12303594
12303598
12303610
12303658
12303684
12303704
12303707
12303740
12303768
12303811
12303820
12303832
12303843
12303872
12303976
12304024
12304028
12304035
12304064
12304105
12304132
12304229
12304239
12304274
12304275
12304277
12304329
12304334
12304345
12304365
12304409
12304420
12304431
12304582
12304584
12304615
12304684
12304711
12304737
12304840
12304855
12304861
12304917
12304935
12304938
12304961
12304964
12304980
12304986
12304991
12304998
12305014
12305024
12305025
12305064
12305070
12305102
12305108
12305117
12305142
12305160
12305161
12305172
12305191
12305192
12305216
12305232
12305240
12305255
12305261
12305280
12305284
12305291
12305311
12305339
12305341
12305343
12305352
12305354
12305392
12305421
12305441
12305443
12305449
12305470
12305479
12305502
12305505
12305507
12305514
12305518
12305541
12305545
12305547
12305549
12305584
12305591
12305606
12305627
12305634
12305635
12305673
12305731
12305736
12305752
12305764
12305784
12305801
12305814
12305820
12305833
12305876
12305933
12305989
12306035
12306094
12306107
12306145
12306148
12306152
12306166
12306179
12306183
12306195
12306218
12306287
12306298
12306312
12306346
12306400
12306419
12306420
12306433
12306534
12306552
12306554
12306568
12306572
12306573
12306574
12306577
12306599
12306610
12306612
12306618
12306639
12306644
12306646
12306667
12306693
12306696
12306708
12306713
12306752
12306777
12306783
12306790
12306803
12306804
12306809
12306818
12306824
12306846
12306881
12306887
12306889
12306917
12306924
12306928
12306959
12306975
12306976
12306985
12306996
12306997
12307048
12307056
12307061
12307073
12307089
12307094
12307108
12307111
12307124
12307129
12307149
12307176
12307231
12307234
12307237
12307292
12307296
12307337
12307338
12307341
12307346
12307358
12307362
12307403
12307405
12307413
12307428
12307447
12307454
12307475
12307482
12307487
12307491
12307529
12307532
12307542
12307560
12307562
12307570
12307599
12307603
12307604
12307605
12307651
12307652
12307676
12307707
12307710
12307742
12307743
12307755
12307769
12307770
12307781
12307783
12307784
12307797
12307798
12307816
12307855
12307857
12307863
12307908
12307922
12307952
12307955
12307958
12307961
12307963
12307968
12307976
12307994
12308008
12308023
12308024
12308028
12308029
12308030
12308042
12308053
12308060
12308076
12308081
12308106
12308119
12308142
12308143
12308161
12308179
12308181
12308196
12308203
12308206
12308267
12308293
12308302
12308325
12308340
12308343
12308344
12308345
12308349
12308366
12308373
12308390
12308431
12308434
12308456
12308459
12308465
12308469
12308474
12308479
12308502
12308504
12308510
12308519
12308526
12308528
12308540
12308544
12308550
12308570
12308580
12308585
12308602
12308603
12308648
12308651
12308685
12308714
12308724
12308726
12308728
12308748
12308764
12308767
12308786
12308817
12308844
12308874
12308886
12308967
12308977
12308980
12309005
12309006
12309014
12309016
12309054
12309086
12309100
12309112
12309118
12309125
12309135
12309144
12309145
12309152
12309163
12309165
12309178
12309209
12309235
12309239
12309269
12309284
12309314
12309347
12309359
12309378
12309380
12309414
12309418
12309426
12309451
12309468
12309469
12309470
12309484
12309490
12309512
12309515
12309555
12309570
12309573
12309588
12309621
12309634
12309636
12309639
12309644
12309686
12309688
12309705
12309711
12309716
12309719
12309732
12309734
12309749
12309771
12309777
12309780
12309791
12309808
12309825
12309829
12309836
12309838
12309840
12309841
12309849
12309855
12309859
12309863
12309896
12309899
12309900
12309928
12309944
12309954
12309963
12309978
12309993
12309996
12310004
12310011
12310023
12310024
12310108
12310119
12310133
12310143
12310148
12310158
12310159
12310177
12310193
12310196
12310206
12310213
12310226
12310279
12310289
12310293
12310294
12310296
12310301
12310307
12310333
12310353
12310367
12310383
12310411
12310416
12310427
12310428
12310445
12310446
12310458
12310459
12310460
12310461
12310463
12310523
12310527
12310538
12310548
12310552
12310558
12310566
12310567
12310570
12310609
12310620
12310628
12310632
12310649
12310650
12310665
12310668
12310672
12310680
12310696
12310702
12310708
12310734
12310736
12310748
12310823
12310853
12310871
12310887
12310909
12310913
12310926
12310961
12310966
12310981
12311022
12311042
12311046
12311047
12311067
12311081
12311127
12311138
12311148
12311158
12311185
12311247
12311264
12311272
12311275
12311288
12311298
12311309
12311310
12311318
12311334
12311346
12311351
12311353
12311359
12311364
12311366
12311371
12311385
12311418
12311426
12311427
12311438
12311447
12311458
12311479
12311493
12311495
12311505
12311533
12311553
12311557
12311560
12311564
12311576
12311598
12311604
12311626
12311654
12311656
12311659
12311668
12311680
12311693
12311694
12311700
12311704
12311707
12311709
12311710
12311716
12311718
12311719
12311721
12311732
12311741
12311762
12311770
12311776
12311788
12311815
12311831
12311837
12311839
12311859
12311860
12311870
12311879
12311905
12311908
12311943
12311945
12311950
12311951
12311954
12311967
12311969
12311976
12311996
12312001
12312002
12312009
12312015
12312054
12312062
12312078
12312079
12312082
12312090
12312101
12312131
12312133
12312151
12312159
12312160
12312164
12312175
12312188
12312200
12312211
12312214
12312215
12312225
12312241
12312258
12312265
12312283
12312417
12312427
12312431
12312437
12312452
12312461
12312464
12312472
12312478
12312479
12312493
12312496
12312497
12312499
12312524
12312528
12312530
12312539
12312547
12312555
12312566
12312573
12312580
12312593
12312607
12312622
12312634
12312663
12312674
12312679
12312686
12312688
12312691
12312700
12312709
12312711
12312718
12312720
12312721
12312730
12312738
12312755
12312756
12312760
12312796
12312797
12312798
12312800
12312817
12312823
12312860
12312870
12312872
12312887
12312896
12312897
12312902
12312916
12312930
12312938
12312942
12312944
12312952
12312956
12312962
12312963
12312970
12312980
12312998
12313000
12313001
12313011
12313012
12313017
12313030
12313032
12313054
12313061
12313063
12313066
12313068
12313088
12313101
12313124
12313129
12313143
12313148
12313152
12313155
12313160
12313162
12313164
12313177
12313185
12313187
12313194
12313222
12313223
12313224
12313235
12313243
12313244
12313252
12313264
12313285
12313338
12313341
12313355
12313359
12313384
12313388
12313389
12313402
12313458
12313463
12313464
12313474
12313483
12313499
12313500
12313516
12313525
12313531
12313539
12313541
12313542
12313547
12313555
12313561
12313567
12313570
12313571
12313572
12313573
12313596
12313609
12313625
12313643
12313648
12313650
12313657
12313659
12313665
12313667
12313677
12313678
12313682
12313715
12313724
12313729
12313730
12313735
12313754
12313764
12313769
12313772
12313777
12313781
12313794
12313801
12313828
12313832
12313835
12313842
12313879
12313896
12313905
12313909
12313919
12313931
12313934
12313937
12313940
12313944
12313952
12313955
12313966
12313972
12313973
12313978
12313979
12313983
12313984
12313985
12313987
12313989
12313990
12313996
12314018
12314025
12314036
12314039
12314040
12314044
12314052
12314055
12314064
12314069
12314071
12314073
12314075
12314076
12314079
12314080
12314085
12314089
12314117
12314121
12314122
12314128
12314134
12314140
12314147
12314158
12314165
12314167
12314168
12314169
12314177
12314189
12314193
12314199
12314200
12314204
12314207
12314218
12314222
12314225
12314226
12314230
12314235
12314236
12314242
12314252
12314268
12314278
12314284
12314291
12314295
12314296
12314298
12314305
12314311
12314312
12314319
12314328
12314337
12314341
12314342
12314348
12314349
12314356
12314364
12314377
12314383
12314384
12314387
12314398
12314420
12314422
12314431
12314432
12314434
12314437
12314446
12314453
12314454
12314455
12314460
12314464
12314479
12314480
12314498
12314503
12314504
12314510
12314515
12314523
12314535
12314550
12314554
12314555
12314562
12314563
12314573
12314584
12314585
12314593
12314595
12314599
12314605
12314606
12314620
12314629
12314631
12314636
12314658
12314664
12314667
12314675
12314686
12314691
12314703
12314704
12314710
12314711
12314714
12314722
12314727
12314728
12314729
12314730
12314731
12314734
12314735
12314738
12314739
12314740
12314741
12314744
12314745
12314749
12314750
12314756
12314757
12314758
12314759
12314760
12314762
12314771
12314779
12314783
12314784
12314785
12314786
12314788
12314789
12314793
12314795
12314797
12314799
12314800
12314801
12314802
12314804
12314805
12314807
12314810
12314811
12314814
12314816
12314818
12314820
12314823
12314824
12314825
12314828
12314831
12314832
12314834
12314839
12314841
12314845
12314846
12314847
12314850
12314851
12314852
12314853
12314855
12314858
12314860
12314862
12314863
12314865
12314866
12314867
12314868
12314869
12314870
12314872
12314874
12314876
12314881
12314883
12314885
12314886
12314889
12314890
12314892
12314893
12314895
12314896
12314897
12314899
12314900
12314902
12314906
12314908
12314910
12314914
12314919
12314923
12314924
12314925
12314926
12314927
12314928
12314929
12314930
12314931
12314932
12314933
12314935
12314937
12314941
12314942
12314944
12314946
12314947
12314948
12314949
12314950
12314952
12314954
12314956
12314957
12314958
12314959
12314960
12314961
12314963
12314964
12314965
12314966
12314969
12314970
12314971
12314974
12314975
12314976
12314980
12314981
12314982
12314983
12314985
12314986
12314989
12314991
12314992
12314994
12314995
12314997
12315003
12315004
12315005
12315006
12315007
12315008
12315010
12315011
12315012
12315013
12315014
12315015
12315016
12315018
12315019
12315020
12315023
12315024
12315028
12315030
12315032
12315033
12315034
12315038
12315039
12315040
12315041
12315042
12315043
12315044
12315045
12315048
12315050
12315053
12315054
12315056
12315057
12315059
12315060
12315061
12315062
12315063
12315066
12315067
12315068
12315072
12315073
12315074
12315077
12315078
12315079
12315083
12315084
12315087
12315091
12315092
12315093
12315094
12315095
12315096
12315097
12315098
12315099
12315101
12315102
12315103
12315105
12315106
12315107
12315108
12315109
12315112
12315113
12315114
12315115
12315117
12315118
12315119
12315122
12315124
12315125
12315127
12315129
12315131
12315134
12315138
12315140
12315141
12315142
12315143
12315144
12315146
12315147
12315149
12315154
12315155
12315157
12315159
12315162
12315163
12315165
12315167
12315170
12315171
12315172
12315173
12315174
12315176
12315179
12315184
12315185
12315188
12315190
12315191
12315193
12315194
12315200
12315204
12315208
12315213
12315218
12315226
12315227
12315229
12315232
12315233
12315234
12315236
12315237
12315238
12315240
12315241
12315242
12315244
12315250
12315253
12315262
12315263
12315264
12315265
12315266
12315270
12315271
12315275
12315276
12315280
12315281
12315282
12315284
12315285
12315286
12315287
12315290
12315292
12315297
12315300
12315301
12315302
12315306
12315307
12315308
12315310
12315317
12315320
12315321
12315324
12315325
12315326
12315327
12315328
12315333
12315336
12315337
12315342
12315344
12315346
12315349
12315350
12315351
12315353
12315358
12315359
12315363
12315364
12315366
12315368
12315372
12315373
12315376
12315385
12315387
12315391
12315392
12315396
12315398
12315399
12315401
12315402
12315406
12315409
12315411
12315412
12315422
12315424
12315425
12315426
12315428
12315429
12315430
12315433
12315434
12315435
12315436
12315437
12315438
12315439
12315442
12315443
12315445
12315446
12315449
12315452
12315453
12315455
12315456
12315457
12315458
12315459
12315463
12315464
12315467
12315468
12315469
12315470
12315471
12315472
12315473
12315474
12315475
12315478
12315479
12315481
12315483
12315484
12315485
12315487
12315490
12315491
12315494
12315495
12315496
12315497
12315499
12315500
12315501
12315504
12315506
12315507
12315512
12315514
12315515
12315522
12315523
12315525
12315526
12315527
12315528
12315529
12315530
12315531
12315532
12315533
12315534
12315536
12315538
12315539
12315541
12315544
12315548
12315549
12315551
12315552
12315553
12315554
12315555
12315556
12315557
12315558
12315559
12315560
12315562
12315563
12315564
12315565
12315566
12315567
12315568
12315569
12315573
12315574
12315575
12315576
12315577
12315578
12315580
12315581
12315583
12315586
12315587
12315588
12315590
12315591
12315592
12315593
12315596
12315597
12315598
12315600
12315601
12315602
12315603
12315604
12315605
12315606
12315608
12315613
12315614
12315615
12315618
12315619
12315621
12315622
12315623
12315624
12315627
12315629
12315630
12315631
12315633
12315634
12315635
12315636
12315637
12315638
12315642
12315643
12315645
12315649
12315652
12315653
12315655
12315656
12315658
12315659
12315661
12315662
12315667
12315671
12315672
12315674
12315675
12315677
12315681
12315682
12315683
12315684
12315686
12315689
12315691
12315693
12315694
12315695
12315696
12315697
12315698
12315699
12315702
12315703
12315704
12315705
12315706
12315707
12315709
12315710
12315712
12315713
12315714
12315716
12315717
12315718
12315719
12315722
12315724
12315726
12315729
12315730
12315731
12315732
12315735
12315736
12315737
12315738
12315739
12315740
12315742
12315743
12315745
12315747
12315748
12315749
12315750
12315751
12315752
12315753
12315754
12315757
12315758
12315762
12315763
12315764
12315769
12315770
12315771
12315773
12315774
12315776
12315777
12315778
12315780
12315781
12315782
12315785
12315786
12315790
12315793
12315795
12315798
12315802
12315803
12315804
12315806
12315807
12315810
12315813
12315814
12315815
12315816
12315819
12315820
12315821
12315822
12315824
12315825
12315827
12315829
12315830
12315831
12315832
12315833
12315834
12315835
12315836
12315837
12315838
12315839
12315840
12315841
12315844
12315845
12315847
12315848
12315849
12315850
12315852
12315853
12315854
12315855
12315856
12315862
12315863
12315864
12315867
12315869
12315871
12315872
12315873
12315874
12315875
12315876
12315880
12315884
12315886
12315890
12315891
12315892
12315893
12315894
12315896
12315900
12315901
12315903
12315905
12315909
12315912
12315915
12315916
12315917
12315922
12315923
12315924
12315928
12315931
12315932
12315933
12315934
12315935
12315936
12315938
12315940
12315941
12315943
12315946
12315947
12315951
12315952
12315954
12315956
12315957
12315958
12315959
12315960
12315962
12315964
12315965
12315969
12315970
12315974
12315975
12315977
12315979
12315984
12315987
12315990
12315992
12315993
12315994
12315996
12315998
12316003
12316006
12316008
12316009
12316010
12316012
12316015
12316017
12316018
12316020
12316021
12316023
12316024
12316025
12316026
12316027
12316028
12316029
12316030
12316032
12316033
12316036
12316038
12316039
12316040
12316042
12316043
12316044
12316046
12316052
12316055
12316056
12316057
12316066
12316068
12316072
12316074
12316078
12316082
12316083
12316084
12316088
12316089
12316090
12316092
12316093
12316094
12316095
12316096
12316097
12316098
12316099
12316100
12316101
12316102
12316104
12316108
12316110
12316112
12316114
12316116
12316118
12316124
12316126
12316128
12316130
12316132
12316136
12316138
12316140
12316148
12316150
12316152
12316154
12316160
12316170
12316172
12316174
12316176
12316178
12316180
12316182
12316186
12316190
12316192
12316196
12316198
12316200
12316206
12316210
12316214
12316216
12316222
12316224
12316226
12316234
12316236
12316240
12316242
12316244
12316246
12316248
12316256
12316262
12316264
12316270
12316272
12316274
12316280
12316286
12316288
12316294
12316296
12316306
12316308
12316310
12316314
12316320
12316324
12316328
12316330
12316336
12316338
12316340
12316342
12316346
12316348
12316350
12316352
12316356
12316358
12316360
12316362
12316364
12316366
12316368
12316370
12316372
12316376
12316378
12316380
12316386
12316388
12316400
12316408
12316412
12316418
12316420
12316424
12316426
12316428
12316430
12316432
12316434
12316438
12316440
12316442
12316444
12316446
12316448
12316452
12316456
12316458
12316464
12316468
12316472
12316474
12316476
12316478
12316480
12316492
12316494
12316498
12316502
12316504
12316508
12316510
12316512
12316516
12316522
12316528
12316530
12316532
12316534
12316538
12316542
12316544
12316546
12316548
12316554
12316556
12316562
12316564
12316568
12316570
12316572
12316580
12316582
12316584
12316586
12316588
12316592
12316596
12316598
12316604
12316606
12316610
12316614
12316626
12316628
12316634
12316636
12316638
12316644
12316648
12316650
12316656
12316668
12316680
12316684
12316686
12316692
12316706
12316708
12316710
12316712
12316716
12316722
12316726
12316728
12316738
12316744
12316746
12316748
12316754
12316756
12316758
12316760
12316762
12316770
