uid	 有效聊天数12124245	1 
12126161	2 
12126929	2 
12126569	2 
12126393	2 
12125874	2 
12104942	1 
12120052	2 
12124720	2 
12117535	1 
12124418	1 
12125913	1 
12110455	2 
12126364	2 
12124096	1 
12124884	1 
12127090	1 
12124951	2 
12118673	2 
12127131	1 
12124924	1 
12125022	1 
12125892	1 
12124461	1 
12116297	2 
12127097	2 
12111943	1 
12126340	2 
12126928	1 
12126163	2 
12127214	1 
12125260	1 
12126039	2 
12125759	1 
12127091	1 
12126508	1 
12125523	1 
12124239	2 
12074230	1 
12126363	2 
12126401	2 
12123746	2 
12125624	2 
12126914	1 
12124140	2 
12126832	2 
12117948	1 
12126426	1 
12124701	1 
12124908	2 
12126018	2 
12118091	2 
12123796	1 
12124468	1 
12125623	2 
12126597	2 
12125657	1 
12093682	1 
12126302	1 
12124242	2 
12124326	4 
12125617	2 
12124192	1 
12124672	2 
12125757	1 
12124782	2 
12124497	2 
12120519	2 
12122300	1 
12115726	2 
12126634	1 
12125603	2 
12127178	1 
12125054	4 
12127032	2 
12127192	1 
12118158	1 
12124484	1 
12125294	2 
12124660	1 
12126828	1 
12124682	1 
12125135	2 
12123662	1 
12126406	4 
12124350	2 
12127001	1 
12126979	1 
12125835	2 
12126631	1 
12126321	2 
12127007	1 
12119090	2 
12123991	1 
12125532	1 
12126135	2 
12125522	2 
12126704	3 
12126908	2 
12126033	1 
12124244	2 
12125148	1 
12126856	2 
12115850	1 
12116197	1 
12124638	2 
12126252	1 
12124436	2 
12126848	2 
12113763	1 
12126774	1 
12124458	2 
12123703	1 
12108568	2 
12126253	3 
12126976	2 
12124650	1 
12125001	1 
12126203	1 
12127230	1 
12121701	1 
12126890	3 
12126102	2 
12124102	1 
12126011	1 
12126042	1 
12125496	1 
12126076	2 
12126594	1 
12126306	2 
12126829	2 
12124469	1 
12127068	2 
12121894	1 
12118050	1 
12050575	1 
12120876	1 
12127217	1 
12127085	2 
12124456	2 
12125434	2 
12124533	1 
12125798	2 
12126249	1 
12126553	2 
12050744	1 
12125951	1 
12123718	2 
12126564	2 
12127235	1 
12119891	1 
12127185	2 
12124265	1 
12123262	2 
12124491	2 
12124241	3 
12123707	1 
12127159	2 
12126788	1 
12125204	1 
12124230	3 
12124492	1 
12126534	1 
12119178	2 
12125764	1 
12125409	1 
12123775	2 
12126907	2 
12125594	3 
12124450	1 
12125564	2 
12126932	5 
12126140	2 
12126443	1 
12124180	1 
12093061	1 
12114316	2 
12124699	1 
12125859	1 
12125375	1 
12114854	2 
12124516	4 
12126087	3 
12127024	2 
12125160	1 
12124252	2 
12124027	1 
12126650	2 
12124264	2 
12126202	1 
12126532	1 
12126665	1 
12126153	1 
12125498	2 
12126555	4 
12120232	1 
12124344	4 
12127197	1 
12126586	1 
12124695	2 
12127191	1 
12118787	2 
12112513	1 
12124267	2 
12119135	2 
12124819	2 
12124717	1 
12125793	1 
12123733	2 
12125252	1 
12126491	2 
12127138	1 
12127186	1 
12125132	1 
12122076	2 
12127047	1 
12127144	2 
12127021	1 
12126826	2 
12120297	2 
12126098	1 
12126675	1 
12124559	2 
12126851	1 
12125315	1 
12126551	1 
12120482	2 
12123170	1 
12118821	1 
12118226	1 
12126759	2 
12125202	1 
12124531	1 
12118337	2 
12118433	1 
12124611	1 
12125543	1 
12112406	1 
12126982	2 
12124970	2 
12125446	3 
12125166	1 
12125024	1 
12117807	1 
12125885	2 
12126468	1 
12119503	1 
12125171	1 
12125932	1 
12124208	1 
12127017	1 
12119571	1 
12124802	1 
12120035	2 
12126246	2 
12122171	1 
12126992	2 
12125142	1 
12127066	2 
12126899	2 
12114137	1 
12126350	4 
12124062	2 
12124591	1 
12120050	1 
12126463	4 
12126883	4 
12117660	1 
12124179	2 
12127190	1 
12124415	2 
12123561	1 
12126248	2 
12121381	1 
12126118	2 
12125660	1 
12106879	1 
12121514	1 
12126998	1 
12124786	2 
12124901	1 
12125896	1 
12124405	2 
12125006	1 
12126877	1 
12120616	2 
12124936	1 
12125057	1 
12126530	2 
12124234	1 
12125848	3 
12126451	2 
12126103	1 
12125583	1 
12126708	3 
12126374	1 
12124863	1 
12126235	2 
12127041	1 
12126869	4 
12118783	1 
12126292	1 
12122529	1 
12126486	1 
12124881	1 
12125503	1 
12126574	1 
12122483	1 
12124681	1 
12125213	1 
12117726	1 
12124954	1 
12120661	1 
12123833	1 
12124443	1 
12127092	2 
12125787	1 
12124772	1 
12125998	2 
12125959	1 
12126084	2 
12124628	4 
12126721	2 
12095354	1 
12125089	1 
12126319	1 
12112541	1 
12091182	2 
12126359	4 
12124423	1 
12124465	2 
12122081	2 
12123134	2 
12124368	1 
12124885	2 
12126446	2 
12126427	3 
12126750	2 
12065715	3 
12124997	1 
12124251	1 
12125091	2 
12126226	1 
12126254	1 
12125587	3 
12120698	1 
12125910	1 
12127117	1 
12125511	2 
12118024	1 
12119067	2 
12125640	2 
12125851	2 
12124447	2 
12126399	2 
12127208	1 
12127073	2 
12124530	1 
12126238	1 
12127231	1 
12125182	1 
12125098	1 
12125963	1 
12118358	1 
12126288	2 
12126741	2 
12126893	2 
12126633	2 
12126278	1 
12126797	2 
12124407	1 
12125974	2 
12127177	1 
12125807	2 
12118674	2 
12123206	2 
12124613	1 
12124645	1 
12125030	1 
12126768	1 
12105248	2 
12124336	3 
12103018	1 
12125723	1 
12126952	1 
12126518	2 
12124876	1 
12125271	2 
12127063	2 
12123872	2 
12114371	1 
12125869	1 
12124342	2 
12125342	1 
12126110	2 
12126515	1 
12126187	1 
12121764	1 
12118075	1 
12126711	3 
12126547	3 
12126557	2 
12126777	2 
12125979	1 
12125829	1 
12126176	1 
12126405	1 
12125014	2 
12126965	3 
12124482	2 
12124575	2 
12124826	1 
12124254	2 
12124829	2 
12113855	2 
12125581	2 
12122689	1 
12124171	2 
12127115	1 
12125480	2 
12122326	2 
12127038	2 
12127046	2 
12124690	2 
12123691	1 
12126889	1 
12122443	2 
12124785	1 
12125785	3 
12065674	4 
12122335	1 
12124094	1 
12107393	2 
12124734	1 
12125948	2 
12119510	2 
12125530	1 
12125461	1 
12124834	1 
12124082	2 
12127108	1 
12126148	3 
12124729	1 
12124257	1 
12119042	2 
12126652	1 
12124678	1 
12125020	1 
12071940	1 
12120245	1 
12126930	2 
12124806	1 
12126818	2 
12127206	1 
12127027	2 
12124018	2 
12125373	2 
12126933	1 
12124787	3 
12125395	1 
12125750	1 
12127133	1 
12124669	1 
12119882	1 
12121840	1 
12127142	1 
12126571	1 
12126692	2 
12127020	2 
12125231	2 
12116232	1 
12126223	2 
12126268	2 
12126247	2 
12125048	1 
12126475	1 
12126867	1 
12124481	2 
12126602	2 
12125195	1 
12125760	1 
12127219	1 
12125933	1 
12124988	1 
12126937	1 
12126453	2 
12126177	1 
12124777	1 
12076020	1 
12124642	1 
12125394	1 
12124871	2 
12125828	1 
12124893	2 
12126981	1 
12117335	2 
12125872	2 
12127052	1 
12124817	1 
12125729	1 
12126798	3 
12127019	2 
12124200	1 
12126397	3 
12126567	1 
12126625	2 
12126026	1 
12119427	2 
12125967	2 
12126155	2 
12124139	1 
12126729	1 
12127100	2 
12126478	2 
12126918	2 
12120887	1 
12125615	3 
12124687	2 
12127064	1 
12126688	3 
12126572	1 
12112552	2 
12121882	2 
12126909	1 
12126726	1 
12117633	1 
12126300	2 
12124625	1 
12126085	1 
12126293	2 
12123642	2 
12124440	1 
12125508	1 
12125996	2 
12127170	1 
12126782	1 
12125565	1 
12124226	1 
12127188	2 
12124495	1 
12126566	1 
12126182	1 
12127173	1 
12122350	1 
12124797	1 
12114681	1 
12126901	5 
12126903	1 
12127077	2 
12126167	2 
12126378	2 
12118206	1 
12124462	2 
12126131	2 
12126158	1 
12115012	2 
12126717	1 
12124551	3 
12125085	2 
12124527	1 
12126857	2 
12121158	2 
12114808	2 
12126071	1 
12126336	2 
12125557	1 
12126585	2 
12125734	1 
12125380	2 
12123728	2 
12126807	2 
12126662	4 
12124402	2 
12122551	1 
12125293	1 
12125576	1 
12125649	2 
12127203	1 
12126710	3 
12115294	1 
12126620	1 
12124870	1 
12124753	2 
12124213	2 
12108214	1 
12125915	1 
12124193	5 
12125050	1 
12125845	2 
12126009	2 
12126325	1 
12125235	1 
12126805	1 
12125884	2 
12119019	1 
12126523	1 
12126353	2 
12121878	1 
12124809	1 
12124926	2 
12098181	1 
12124765	1 
12125873	1 
12124648	1 
12124730	2 
12126191	1 
12126286	1 
12115447	2 
12124269	2 
12123581	1 
12125926	1 
12125463	1 
12124578	3 
12124907	2 
12124985	1 
12125762	2 
12126273	1 
12126316	2 
12124605	1 
12126420	3 
12124583	1 
12124767	1 
12115196	1 
12127031	1 
12125322	1 
12126484	3 
12126605	2 
12127076	2 
12123908	1 
12124987	1 
12124493	1 
12125389	2 
12124585	2 
12112030	2 
12114251	1 
12125628	3 
12124686	1 
12114944	1 
12126705	2 
12126048	1 
12098652	1 
12125616	1 
12125041	1 
12118189	1 
12127060	1 
12125877	1 
12124564	1 
12124494	2 
12124271	2 
12116851	2 
12125732	1 
12117027	2 
12126303	1 
12127220	1 
12126615	2 
12124632	2 
12126517	2 
12125864	1 
12124580	1 
12126925	1 
12125852	2 
12125095	5 
12123051	1 
12126942	4 
12110040	2 
12119048	1 
12127040	2 
12126698	2 
12124794	2 
12118445	1 
12125875	3 
12124983	2 
12120388	1 
12124532	2 
12126269	1 
12101909	2 
12127042	2 
12124188	2 
12125177	2 
12124738	1 
12126898	2 
12125981	1 
12126677	1 
12124384	2 
12125860	4 
12124624	2 
12126045	2 
12115064	1 
12123576	2 
12124220	2 
12124732	2 
12124172	3 
12125694	1 
12124210	2 
12126668	1 
12125804	2 
12124656	1 
12119989	2 
12126086	2 
12125927	1 
12122942	1 
12121156	1 
12117745	2 
12124588	1 
12123102	1 
12126088	2 
12119496	1 
12124302	1 
12127004	2 
12123904	1 
12125417	1 
12126186	2 
12126762	2 
12126483	3 
12126441	2 
12124596	1 
12125063	2 
12126432	2 
12126603	2 
12126948	2 
12126970	2 
12124411	4 
12124604	1 
12127059	2 
12127095	1 
12124601	2 
12124077	2 
12127069	1 
12124525	1 
12119409	1 
12124969	1 
12126827	1 
12115722	1 
12125914	2 
12116372	1 
12126008	2 
12126581	1 
12126900	2 
12124499	2 
12125130	1 
12126165	4 
12124355	4 
12124750	1 
12126130	2 
12121580	1 
12126528	1 
12122902	2 
12119849	1 
12126845	1 
12127101	1 
12122871	1 
12124218	2 
12125652	1 
12126272	4 
12124918	2 
12124534	1 
12125936	1 
12126134	2 
12126643	2 
12126006	2 
12125901	2 
12125259	1 
12125833	2 
12125561	2 
12126437	1 
12127168	1 
12124708	1 
12124961	2 
12125682	1 
12121719	1 
12116333	2 
12126019	2 
12124761	4 
12126433	2 
12126035	1 
12126545	2 
12124221	2 
12125731	2 
12125234	1 
12126331	1 
12126964	1 
12124231	1 
12124877	1 
12125426	1 
12124146	1 
12089956	2 
12126734	2 
12126874	2 
12121031	1 
12124937	2 
12126188	1 
12113159	1 
12124352	1 
12126320	3 
12126450	2 
12119321	2 
12127099	2 
12125295	1 
12124857	1 
12112572	1 
12109869	1 
12125453	1 
12123057	1 
12123371	1 
12126324	1 
12078699	2 
12125479	2 
12126629	2 
12124211	1 
12127071	2 
12126550	1 
12126816	1 
12126846	2 
12124723	1 
12124763	1 
12123584	1 
12113792	1 
12125021	2 
12120368	2 
12126461	2 
12124276	4 
12124470	1 
12122009	2 
12126589	1 
12126360	1 
12126345	2 
12126105	1 
12124184	1 
12125923	2 
12125917	1 
12125287	2 
12124556	1 
12126061	1 
12126526	1 
12126645	2 
12124363	1 
12126630	3 
12125962	1 
12124256	2 
12124603	1 
12126511	1 
12126132	3 
12124718	2 
12120527	1 
12124255	2 
12123856	1 
12125841	1 
12124833	2 
12124689	1 
12124811	2 
12107624	2 
12127082	1 
12127098	1 
12126152	1 
12125563	3 
12126414	1 
12122067	1 
12126159	1 
12125627	2 
12124774	1 
12121332	1 
12124899	1 
12113187	2 
12124864	2 
12124191	2 
12122974	1 
12126218	1 
12124505	1 
12124977	1 
12125991	4 
12125472	2 
12126604	2 
12045198	1 
12126954	2 
12124927	2 
12126781	1 
12126637	2 
12127164	1 
12126559	1 
12125988	1 
12127118	1 
12126063	4 
12124810	1 
12126927	2 
12125096	1 
12125905	2 
12126754	1 
12126256	2 
12112473	1 
12125590	3 
12124779	2 
12124149	2 
12116551	2 
12124158	1 
12094738	1 
12124429	1 
12126327	1 
12124635	2 
12125486	1 
12125544	2 
12122702	2 
12126735	2 
12126962	2 
12118631	2 
12126755	1 
12124046	1 
12125060	1 
12125661	2 
12121757	1 
12125572	2 
12126097	2 
12118697	2 
12125429	3 
12125632	1 
12125891	3 
12124078	1 
12125367	2 
12126983	4 
12126570	2 
12125217	1 
12126367	1 
12125983	3 
12124868	1 
12126480	2 
12120725	1 
12124932	1 
12126315	1 
12126403	2 
12125589	3 
12117724	1 
12124674	1 
12124365	1 
12126015	1 
12123031	1 
12126346	3 
12127137	1 
12124776	1 
12126775	2 
12125501	1 
12124982	2 
12125007	1 
12121143	2 
12124853	4 
12125402	1 
12124353	2 
12124565	2 
12120557	1 
12127054	1 
12127010	2 
12124232	2 
12116022	1 
12123993	2 
12125264	2 
12117246	1 
12123655	1 
12125219	1 
12125984	1 
12124153	1 
12125538	5 
12125254	1 
12124592	2 
12126180	2 
12126145	1 
12122071	1 
12126245	1 
12123105	1 
12124513	2 
12125251	1 
12127089	1 
12126058	2 
12120270	2 
12120702	1 
12125242	1 
12125274	2 
12125728	1 
12126988	3 
12126342	2 
12127050	1 
12122478	1 
12126946	1 
12126390	2 
12124152	2 
12124539	1 
12125609	1 
12126391	1 
12125337	1 
12127136	2 
12127156	2 
12125475	2 
12117963	1 
12127114	2 
12126681	2 
12124279	2 
12125435	2 
12119828	1 
12124052	1 
12126618	1 
12124655	2 
12124703	1 
12126947	1 
12125550	4 
12126563	2 
12125797	1 
12126958	1 
12119947	2 
12124959	2 
12125531	1 
12125647	1 
12126291	2 
12126546	3 
12125667	1 
12126459	1 
12125045	2 
12124422	1 
12126077	1 
12127132	2 
12127025	2 
12109667	2 
12125883	1 
12117956	2 
12124910	2 
12126880	1 
12122260	2 
12116753	1 
12124984	1 
12126661	1 
12124451	2 
12124878	2 
12127028	2 
12124389	2 
12124277	2 
12124831	1 
12120097	2 
12126194	1 
12123952	1 
12124457	2 
12125700	1 
12123276	2 
12104289	1 
12125663	1 
12126724	1 
12126409	5 
12124030	1 
12126647	2 
12126146	2 
12124615	1 
12124698	2 
12127074	2 
12127014	1 
12124925	1 
12124724	1 
12115961	2 
12124552	1 
12124561	2 
12126975	2 
12124941	1 
12126055	1 
12126853	2 
12126969	1 
12124837	1 
12124441	1 
12124511	2 
12126940	3 
12105239	2 
12126032	1 
