uid  有效聊天数12116465  1 
12115843    2 
12115465    2 
12114290    3 
12115140    1 
12112965    1 
12115068    1 
12114961    1 
12115905    2 
12114968    3 
12114529    3 
12115655    3 
12116099    1 
12113943    1 
12115515    1 
12116076    2 
12116212    1 
12116442    3 
12115398    3 
12114815    1 
12115883    1 
12116232    3 
12116054    2 
12116431    2 
12116031    2 
12113792    1 
12114293    6 
12116066    2 
12114976    1 
12114406    3 
12115987    2 
12116401    1 
12116203    1 
12115807    3 
12114832    2 
12116260    3 
12115485    1 
12115304    1 
12116456    2 
12114503    4 
12115743    3 
12115962    1 
12114928    3 
12115383    5 
12116158    2 
12113172    1 
12114524    1 
12114709    1 
12116468    3 
12115235    3 
12115624    1 
12115885    2 
12115584    2 
12116307    1 
12112572    1 
12115308    1 
12116177    1 
12115276    1 
12114935    1 
12115797    1 
12113033    1 
12116295    3 
12114008    1 
12115172    3 
12111759    4 
12115346    2 
12114501    2 
12115906    3 
12102365    2 
12115827    2 
12115677    2 
12114542    1 
12114770    1 
12115897    5 
12114474    1 
12115549    2 
12115202    2 
12115487    1 
12115850    1 
12116274    3 
12116357    3 
12115377    2 
12115799    1 
12115634    1 
12116381    1 
12113608    1 
12114482    2 
12115421    1 
12115745    2 
12114917    2 
12115491    3 
12115440    1 
12114794    1 
12115371    2 
12114465    3 
12113266    2 
12116281    2 
12114919    2 
12115100    2 
12115620    5 
12115310    1 
12114071    1 
12116073    3 
12116347    3 
12114537    1 
12115254    2 
12115442    2 
12112497    2 
12115196    1 
12114527    1 
12115847    1 
12115326    2 
12115862    3 
12115834    1 
12115786    2 
12115240    2 
12115573    2 
12116222    2 
12115260    1 
12115153    2 
12116302    3 
12112003    1 
12115033    2 
12115357    1 
12115378    1 
12115186    3 
12115569    3 
12114733    2 
12116030    1 
12116237    1 
12115243    2 
12116056    2 
12110544    2 
12112014    1 
12116340    2 
12115414    2 
12114966    1 
12115703    2 
12071041    2 
12116241    1 
12114780    1 
12115250    3 
12115542    1 
12115877    2 
12114370    3 
12115306    2 
12115031    2 
12116379    2 
12114502    3 
12115551    2 
12115267    3 
12114731    3 
12115087    1 
12115177    3 
12115863    2 
12114872    2 
12115730    1 
12115045    7 
12116372    3 
12115123    3 
12116042    2 
12113914    1 
12115489    3 
12116354    2 
12115997    3 
12115417    3 
12114434    2 
12115643    2 
12114014    1 
12115953    1 
12116318    1 
12114006    2 
12113802    3 
12114197    1 
12115253    2 
12071940    1 
12114681    1 
12115341    3 
12114515    1 
12116052    2 
12115755    2 
12115632    1 
12114959    1 
12113015    1 
12116070    3 
12116353    1 
12116284    2 
12113714    1 
12114749    2 
12116460    2 
12110708    1 
12112471    2 
12116238    1 
12115227    1 
12115344    3 
12115269    1 
12114866    1 
12114862    6 
12112928    2 
12113203    1 
12114252    2 
12114506    2 
12115874    1 
12115397    2 
12116129    3 
12115796    2 
12116277    1 
12114035    2 
12112674    3 
12116000    2 
12112602    1 
12115103    1 
12116225    2 
12114718    1 
12115236    4 
12112792    5 
12115880    1 
12115710    2 
12115981    1 
12107817    2 
12114246    2 
12114531    5 
12114678    2 
12115424    2 
12116408    1 
12115722    1 
12113720    1 
12115499    1 
12115927    2 
12115244    2 
12112552    4 
12112082    1 
12115420    1 
12112535    1 
12116355    5 
12116050    2 
12115915    2 
12115463    3 
12115075    3 
12115550    1 
12115163    2 
12114802    2 
12114675    2 
12108876    1 
12114797    2 
12115860    1 
12115876    1 
12116123    3 
12115262    1 
12114652    1 
12115706    2 
12115012    2 
12116068    3 
12115756    1 
12115808    2 
12115021    2 
12115220    1 
12115696    2 
12116126    1 
12116485    1 
12115232    4 
12112621    2 
12116419    3 
12115400    2 
12116272    2 
12116107    1 
12116368    2 
12114903    1 
12115300    3 
12115605    4 
12115508    2 
12109380    1 
12115135    3 
12116098    2 
12114899    3 
12116478    2 
12116228    1 
12114650    1 
12115436    2 
12115399    2 
12115320    2 
12115338    2 
12115342    3 
12116172    3 
12115541    1 
12116206    2 
12115585    3 
12111940    1 
12115795    1 
12115351    1 
12116024    1 
12115478    1 
12115078    1 
12115625    2 
12116426    1 
12115291    2 
12115429    4 
12113836    7 
12114755    1 
12115039    5 
12115561    2 
12115207    1 
12115290    2 
12114910    4 
12115256    5 
12115272    3 
12113732    1 
12116383    1 
12116309    1 
12115367    1 
12114448    4 
12115201    2 
12116489    1 
12114427    1 
12116283    3 
12115294    1 
12116386    1 
12116454    1 
12061149    1 
12115715    3 
12115686    1 
12116087    2 
12115148    2 
12112485    2 
12115071    3 
12115353    1 
12114466    4 
12116089    3 
12115064    3 
12114656    2 
12115313    2 
12115760    1 
12113588    1 
12115041    1 
12115610    2 
12115205    2 
12115994    2 
12115896    2 
12115482    1 
12115690    3 
12114738    1 
12115296    2 
12114970    2 
12113077    1 
12115384    1 
12111238    2 
12115668    3 
12113968    1 
12116205    1 
12115468    2 
12115132    2 
12115199    3 
12115840    3 
12115150    5 
12113752    1 
12115814    1 
12116384    2 
12115183    2 
12115532    3 
12086331    1 
12115602    1 
12115765    1 
12114258    1 
12114907    7 
12114490    1 
12113139    1 
12115917    1 
12115600    2 
12114468    1 
12115857    2 
12115077    5 
12116333    1 
12115085    5 
12115734    4 
12103858    2 
12115788    2 
12115028    3 
12115375    3 
12115891    1 
12114457    2 
12114432    2 
12113038    1 
12115216    1 
12115261    2 
12114334    1 
12115122    3 
12115247    2 
12115726    3 
12114163    3 
12116273    2 
12112681    1 
12113448    3 
12113902    3 
12114247    2 
12115329    2 
12115986    1 
12116435    1 
12114446    3 
12113936    3 
12115633    2 
12116193    2 
12116403    1 
12115314    1 
12116358    2 
12115937    2 
12114371    3 
12115083    5 
12116414    2 
12115366    2 
12115761    3 
12116263    3 
12116447    1 
12115358    4 
12114941    3 
12115629    2 
12115223    1 
12115866    1 
12107401    1 
12113789    2 
12115461    3 
12115061    1 
12115944    1 
12114742    2 
12115751    1 
12114437    4 
12115430    2 
12075762    2 
12115990    2 
12115928    1 
12114994    2 
12114433    1 
12114505    3 
12110040    1 
12115467    1 
12115970    1 
12115443    2 
12114532    1 
12115685    2 
12115649    3 
12115988    1 
12115810    2 
12115352    2 
12114660    2 
12110313    2 
12114991    7 
12116400    2 
12114426    3 
12116034    5 
12116060    2 
12114760    2 
12112903    1 
12116022    1 
12116185    3 
12116167    2 
12110154    1 
12115426    2 
12114624    1 
12115337    3 
12114937    2 
12116483    1 
12116415    1 
12116314    2 
12115562    1 
12077065    1 
12115747    1 
12115864    2 
12116280    1 
12116093    2 
12116243    1 
12115447    1 
12116323    3 
12116461    1 
12065674    4 
12115628    2 
12115929    1 
12114461    1 
12115307    1 
12112870    3 
12115596    2 
12111994    1 
12114450    1 
12116480    1 
12115410    1 
12116375    3 
12116359    2 
12115324    1 
12114528    4 
12116486    1 
12115626    2 
12111547    2 
12115435    3 
12115015    3 
12113854    3 
12114517    2 
12115661    3 
12116065    1 
12116153    1 
12116182    2 
12111747    2 
12115224    1 
12116268    1 
12115546    2 
12116100    2 
12114460    1 
12115124    1 
12115694    2 
12113586    1 
12116175    3 
12116405    1 
12114988    3 
12114765    2 
12115774    2 
12114188    1 
12116095    2 
12111385    3 
12112556    4 
12115281    4 
12115965    2 
12113084    2 
12114752    2 
12116322    3 
12112723    2 
12116106    3 
12115042    2 
12115142    4 
12110330    4 
12109282    1 
12115097    3 
12114202    1 
12116488    1 
12114384    1 
12112050    1 
12115619    2 
12113593    1 
12107175    1 
12114769    1 
12115082    2 
12114267    1 
12113947    3 
12114403    2 
12116152    2 
12116168    2 
12115672    1 
12113217    2 
12115919    1 
12115641    1 
12116449    1 
12114067    2 
12116334    3 
12113815    3 
12115055    2 
12115618    3 
12115038    1 
12077720    1 
12116421    2 
12114643    1 
12116084    1 
12114997    6 
12116178    1 
12115219    1 
12115665    1 
12113679    3 
12114513    1 
12115688    2 
12116297    3 
12116019    3 
12116364    1 
12115794    2 
12115273    2 
12114355    1 
12114423    1 
12114809    1 
12115776    1 
12115270    1 
12115826    1 
12115589    1 
12114753    2 
12115036    2 
12114979    5 
12115679    1 
12114308    3 
12116312    3 
12112391    1 
12115650    1 
12116316    1 
12111794    3 
12115019    4 
12115030    3 
12114974    6 
12114473    1 
12116197    1 
12114767    4 
12113855    6 
12115712    2 
12115910    2 
12115145    1 